  Interval Start      P(x) Start    Interval End        P(x) End        Midpoint     P(Midpoint)Iteration#
      -10.000000   -8.400000e+01        4.000000    0.000000e+00       -3.000000    7.000000e+00         1




  Interval Start      P(x) Start    Interval End        P(x) End        Midpoint     P(Midpoint)Iteration#
       -8.000000   -4.800000e+01        6.000000   -2.000000e+01       -1.000000    1.500000e+01         1
ERROR: no roots in the interval




  Interval Start      P(x) Start    Interval End        P(x) End        Midpoint     P(Midpoint)Iteration#
       -6.000000   -2.000000e+01        8.000000   -4.800000e+01        1.000000    1.500000e+01         1
ERROR: no roots in the interval




  Interval Start      P(x) Start    Interval End        P(x) End        Midpoint     P(Midpoint)Iteration#
       -4.000000    0.000000e+00       10.000000   -8.400000e+01        3.000000    7.000000e+00         1




  Interval Start      P(x) Start    Interval End        P(x) End        Midpoint     P(Midpoint)Iteration#
       -2.000000    1.200000e+01       12.000000   -1.280000e+02        5.000000   -9.000000e+00         1
       -2.000000    1.200000e+01        5.000000   -9.000000e+00        1.500000    1.375000e+01         2
        1.500000    1.375000e+01        5.000000   -9.000000e+00        3.250000    5.437500e+00         3
        3.250000    5.437500e+00        5.000000   -9.000000e+00        4.125000   -1.015625e+00         4
        3.250000    5.437500e+00        4.125000   -1.015625e+00        3.687500    2.402344e+00         5
        3.687500    2.402344e+00        4.125000   -1.015625e+00        3.906250    7.412109e-01         6
        3.906250    7.412109e-01        4.125000   -1.015625e+00        4.015625   -1.252441e-01         7
        3.906250    7.412109e-01        4.015625   -1.252441e-01        3.960938    3.109741e-01         8
        3.960938    3.109741e-01        4.015625   -1.252441e-01        3.988281    9.361267e-02         9
        3.988281    9.361267e-02        4.015625   -1.252441e-01        4.001953   -1.562881e-02        10
        3.988281    9.361267e-02        4.001953   -1.562881e-02        3.995117    3.903866e-02        11
        3.995117    3.903866e-02        4.001953   -1.562881e-02        3.998535    1.171660e-02        12
        3.998535    1.171660e-02        4.001953   -1.562881e-02        4.000244   -1.953185e-03        13
        3.998535    1.171660e-02        4.000244   -1.953185e-03        3.999390    4.882440e-03        14
        3.999390    4.882440e-03        4.000244   -1.953185e-03        3.999817    1.464810e-03        15
        3.999817    1.464810e-03        4.000244   -1.953185e-03        4.000031   -2.441416e-04        16
        3.999817    1.464810e-03        4.000031   -2.441416e-04        3.999924    6.103457e-04        17
        3.999924    6.103457e-04        4.000031   -2.441416e-04        3.999977    1.831049e-04        18
        3.999977    1.831049e-04        4.000031   -2.441416e-04        4.000004   -3.051759e-05        19
        3.999977    1.831049e-04        4.000004   -3.051759e-05        3.999990    7.629385e-05        20
        3.999990    7.629385e-05        4.000004   -3.051759e-05        3.999997    2.288818e-05        21
        3.999997    2.288818e-05        4.000004   -3.051759e-05        4.000000   -3.814697e-06        22
        3.999997    2.288818e-05        4.000000   -3.814697e-06        3.999999    9.536742e-06        23
        3.999999    9.536742e-06        4.000000   -3.814697e-06        4.000000    2.861023e-06        24
        4.000000    2.861023e-06        4.000000   -3.814697e-06        4.000000   -4.768372e-07        25




  Interval Start      P(x) Start    Interval End        P(x) End        Midpoint     P(Midpoint)Iteration#
        0.000000    1.600000e+01       14.000000   -1.800000e+02        7.000000   -3.300000e+01         1
        0.000000    1.600000e+01        7.000000   -3.300000e+01        3.500000    3.750000e+00         2
        3.500000    3.750000e+00        7.000000   -3.300000e+01        5.250000   -1.156250e+01         3
        3.500000    3.750000e+00        5.250000   -1.156250e+01        4.375000   -3.140625e+00         4
        3.500000    3.750000e+00        4.375000   -3.140625e+00        3.937500    4.960938e-01         5
        3.937500    4.960938e-01        4.375000   -3.140625e+00        4.156250   -1.274414e+00         6
        3.937500    4.960938e-01        4.156250   -1.274414e+00        4.046875   -3.771973e-01         7
        3.937500    4.960938e-01        4.046875   -3.771973e-01        3.992188    6.243896e-02         8
        3.992188    6.243896e-02        4.046875   -3.771973e-01        4.019531   -1.566315e-01         9
        3.992188    6.243896e-02        4.019531   -1.566315e-01        4.005859   -4.690933e-02        10
        3.992188    6.243896e-02        4.005859   -4.690933e-02        3.999023    7.811546e-03        11
        3.999023    7.811546e-03        4.005859   -4.690933e-02        4.002441   -1.953721e-02        12
        3.999023    7.811546e-03        4.002441   -1.953721e-02        4.000732   -5.859911e-03        13
        3.999023    7.811546e-03        4.000732   -5.859911e-03        3.999878    9.765476e-04        14
        3.999878    9.765476e-04        4.000732   -5.859911e-03        4.000305   -2.441499e-03        15
        3.999878    9.765476e-04        4.000305   -2.441499e-03        4.000092   -7.324303e-04        16
        3.999878    9.765476e-04        4.000092   -7.324303e-04        3.999985    1.220701e-04        17
        3.999985    1.220701e-04        4.000092   -7.324303e-04        4.000038   -3.051772e-04        18
        3.999985    1.220701e-04        4.000038   -3.051772e-04        4.000011   -9.155287e-05        19
        3.999985    1.220701e-04        4.000011   -9.155287e-05        3.999998    1.525879e-05        20
        3.999998    1.525879e-05        4.000011   -9.155287e-05        4.000005   -3.814700e-05        21
        3.999998    1.525879e-05        4.000005   -3.814700e-05        4.000001   -1.144409e-05        22
        3.999998    1.525879e-05        4.000001   -1.144409e-05        4.000000    1.907349e-06        23
        4.000000    1.907349e-06        4.000001   -1.144409e-05        4.000001   -4.768372e-06        24
        4.000000    1.907349e-06        4.000001   -4.768372e-06        4.000000   -1.430512e-06        25




  Interval Start      P(x) Start    Interval End        P(x) End        Midpoint     P(Midpoint)Iteration#
        2.000000    1.200000e+01       16.000000   -2.400000e+02        9.000000   -6.500000e+01         1
        2.000000    1.200000e+01        9.000000   -6.500000e+01        5.500000   -1.425000e+01         2
        2.000000    1.200000e+01        5.500000   -1.425000e+01        3.750000    1.937500e+00         3
        3.750000    1.937500e+00        5.500000   -1.425000e+01        4.625000   -5.390625e+00         4
        3.750000    1.937500e+00        4.625000   -5.390625e+00        4.187500   -1.535156e+00         5
        3.750000    1.937500e+00        4.187500   -1.535156e+00        3.968750    2.490234e-01         6
        3.968750    2.490234e-01        4.187500   -1.535156e+00        4.078125   -6.311035e-01         7
        3.968750    2.490234e-01        4.078125   -6.311035e-01        4.023438   -1.880493e-01         8
        3.968750    2.490234e-01        4.023438   -1.880493e-01        3.996094    3.123474e-02         9
        3.996094    3.123474e-02        4.023438   -1.880493e-01        4.009766   -7.822037e-02        10
        3.996094    3.123474e-02        4.009766   -7.822037e-02        4.002930   -2.344608e-02        11
        3.996094    3.123474e-02        4.002930   -2.344608e-02        3.999512    3.906012e-03        12
        3.999512    3.906012e-03        4.002930   -2.344608e-02        4.001221   -9.767115e-03        13
        3.999512    3.906012e-03        4.001221   -9.767115e-03        4.000366   -2.929822e-03        14
        3.999512    3.906012e-03        4.000366   -2.929822e-03        3.999939    4.882775e-04        15
        3.999939    4.882775e-04        4.000366   -2.929822e-03        4.000153   -1.220726e-03        16
        3.999939    4.882775e-04        4.000153   -1.220726e-03        4.000046   -3.662130e-04        17
        3.999939    4.882775e-04        4.000046   -3.662130e-04        3.999992    6.103510e-05        18
        3.999992    6.103510e-05        4.000046   -3.662130e-04        4.000019   -1.525883e-04        19
        3.999992    6.103510e-05        4.000019   -1.525883e-04        4.000006   -4.577640e-05        20
        3.999992    6.103510e-05        4.000006   -4.577640e-05        3.999999    7.629394e-06        21
        3.999999    7.629394e-06        4.000006   -4.577640e-05        4.000002   -1.907349e-05        22
        3.999999    7.629394e-06        4.000002   -1.907349e-05        4.000001   -5.722046e-06        23
        3.999999    7.629394e-06        4.000001   -5.722046e-06        4.000000    9.536743e-07        24
        4.000000    9.536743e-07        4.000001   -5.722046e-06        4.000000   -2.384186e-06        25




  Interval Start      P(x) Start    Interval End        P(x) End        Midpoint     P(Midpoint)Iteration#
        4.000000    0.000000e+00       18.000000   -3.080000e+02       11.000000   -1.050000e+02         1




  Interval Start      P(x) Start    Interval End        P(x) End        Midpoint     P(Midpoint)Iteration#
        6.000000   -2.000000e+01       20.000000   -3.840000e+02       13.000000   -1.530000e+02         1
ERROR: no roots in the interval




  Interval Start      P(x) Start    Interval End        P(x) End        Midpoint     P(Midpoint)Iteration#
        8.000000   -4.800000e+01       22.000000   -4.680000e+02       15.000000   -2.090000e+02         1
ERROR: no roots in the interval




