  Interval Start      P(x) Start    Interval End        P(x) End        Midpoint     P(Midpoint)Iteration#
      -10.000000   -8.400000e+01       20.000000   -3.840000e+02        5.000000   -9.000000e+00         1
ERROR: no roots in the interval




  Interval Start      P(x) Start    Interval End        P(x) End        Midpoint     P(Midpoint)Iteration#
       -8.000000   -4.800000e+01       22.000000   -4.680000e+02        7.000000   -3.300000e+01         1
ERROR: no roots in the interval




  Interval Start      P(x) Start    Interval End        P(x) End        Midpoint     P(Midpoint)Iteration#
       -6.000000   -2.000000e+01       24.000000   -5.600000e+02        9.000000   -6.500000e+01         1
ERROR: no roots in the interval




  Interval Start      P(x) Start    Interval End        P(x) End        Midpoint     P(Midpoint)Iteration#
       -4.000000    0.000000e+00       26.000000   -6.600000e+02       11.000000   -1.050000e+02         1




  Interval Start      P(x) Start    Interval End        P(x) End        Midpoint     P(Midpoint)Iteration#
       -2.000000    1.200000e+01       28.000000   -7.680000e+02       13.000000   -1.530000e+02         1
       -2.000000    1.200000e+01       13.000000   -1.530000e+02        5.500000   -1.425000e+01         2
       -2.000000    1.200000e+01        5.500000   -1.425000e+01        1.750000    1.293750e+01         3
        1.750000    1.293750e+01        5.500000   -1.425000e+01        3.625000    2.859375e+00         4
        3.625000    2.859375e+00        5.500000   -1.425000e+01        4.562500   -4.816406e+00         5
        3.625000    2.859375e+00        4.562500   -4.816406e+00        4.093750   -7.587891e-01         6
        3.625000    2.859375e+00        4.093750   -7.587891e-01        3.859375    1.105225e+00         7
        3.859375    1.105225e+00        4.093750   -7.587891e-01        3.976563    1.869507e-01         8
        3.976563    1.869507e-01        4.093750   -7.587891e-01        4.035156   -2.824860e-01         9
        3.976563    1.869507e-01        4.035156   -2.824860e-01        4.005859   -4.690933e-02        10
        3.976563    1.869507e-01        4.005859   -4.690933e-02        3.991211    7.023525e-02        11
        3.991211    7.023525e-02        4.005859   -4.690933e-02        3.998535    1.171660e-02        12
        3.998535    1.171660e-02        4.005859   -4.690933e-02        4.002197   -1.758295e-02        13
        3.998535    1.171660e-02        4.002197   -1.758295e-02        4.000366   -2.929822e-03        14
        3.998535    1.171660e-02        4.000366   -2.929822e-03        3.999451    4.394230e-03        15
        3.999451    4.394230e-03        4.000366   -2.929822e-03        3.999908    7.324135e-04        16
        3.999908    7.324135e-04        4.000366   -2.929822e-03        4.000137   -1.098652e-03        17
        3.999908    7.324135e-04        4.000137   -1.098652e-03        4.000023   -1.831060e-04        18
        3.999908    7.324135e-04        4.000023   -1.831060e-04        3.999966    2.746570e-04        19
        3.999966    2.746570e-04        4.000023   -1.831060e-04        3.999994    4.577633e-05        20
        3.999994    4.577633e-05        4.000023   -1.831060e-04        4.000009   -6.866462e-05        21
        3.999994    4.577633e-05        4.000009   -6.866462e-05        4.000001   -1.144409e-05        22
        3.999994    4.577633e-05        4.000001   -1.144409e-05        3.999998    1.716613e-05        23
        3.999998    1.716613e-05        4.000001   -1.144409e-05        4.000000    2.861023e-06        24
        4.000000    2.861023e-06        4.000001   -1.144409e-05        4.000001   -4.291535e-06        25
        4.000000    2.861023e-06        4.000001   -4.291535e-06        4.000000   -7.152557e-07        26




  Interval Start      P(x) Start    Interval End        P(x) End        Midpoint     P(Midpoint)Iteration#
        0.000000    1.600000e+01       30.000000   -8.840000e+02       15.000000   -2.090000e+02         1
        0.000000    1.600000e+01       15.000000   -2.090000e+02        7.500000   -4.025000e+01         2
        0.000000    1.600000e+01        7.500000   -4.025000e+01        3.750000    1.937500e+00         3
        3.750000    1.937500e+00        7.500000   -4.025000e+01        5.625000   -1.564063e+01         4
        3.750000    1.937500e+00        5.625000   -1.564063e+01        4.687500   -5.972656e+00         5
        3.750000    1.937500e+00        4.687500   -5.972656e+00        4.218750   -1.797852e+00         6
        3.750000    1.937500e+00        4.218750   -1.797852e+00        3.984375    1.247559e-01         7
        3.984375    1.247559e-01        4.218750   -1.797852e+00        4.101563   -8.228149e-01         8
        3.984375    1.247559e-01        4.101563   -8.228149e-01        4.042969   -3.455963e-01         9
        3.984375    1.247559e-01        4.042969   -3.455963e-01        4.013672   -1.095619e-01        10
        3.984375    1.247559e-01        4.013672   -1.095619e-01        3.999023    7.811546e-03        11
        3.999023    7.811546e-03        4.013672   -1.095619e-01        4.006348   -5.082154e-02        12
        3.999023    7.811546e-03        4.006348   -5.082154e-02        4.002686   -2.149159e-02        13
        3.999023    7.811546e-03        4.002686   -2.149159e-02        4.000854   -6.836668e-03        14
        3.999023    7.811546e-03        4.000854   -6.836668e-03        3.999939    4.882775e-04        15
        3.999939    4.882775e-04        4.000854   -6.836668e-03        4.000397   -3.173986e-03        16
        3.999939    4.882775e-04        4.000397   -3.173986e-03        4.000168   -1.342802e-03        17
        3.999939    4.882775e-04        4.000168   -1.342802e-03        4.000053   -4.272489e-04        18
        3.999939    4.882775e-04        4.000053   -4.272489e-04        3.999996    3.051756e-05        19
        3.999996    3.051756e-05        4.000053   -4.272489e-04        4.000025   -1.983649e-04        20
        3.999996    3.051756e-05        4.000025   -1.983649e-04        4.000010   -8.392345e-05        21
        3.999996    3.051756e-05        4.000010   -8.392345e-05        4.000003   -2.670289e-05        22
        3.999996    3.051756e-05        4.000003   -2.670289e-05        4.000000    1.907349e-06        23
        4.000000    1.907349e-06        4.000003   -2.670289e-05        4.000002   -1.239777e-05        24
        4.000000    1.907349e-06        4.000002   -1.239777e-05        4.000001   -5.245209e-06        25
        4.000000    1.907349e-06        4.000001   -5.245209e-06        4.000000   -1.668930e-06        26




  Interval Start      P(x) Start    Interval End        P(x) End        Midpoint     P(Midpoint)Iteration#
        2.000000    1.200000e+01       32.000000   -1.008000e+03       17.000000   -2.730000e+02         1
        2.000000    1.200000e+01       17.000000   -2.730000e+02        9.500000   -7.425000e+01         2
        2.000000    1.200000e+01        9.500000   -7.425000e+01        5.750000   -1.706250e+01         3
        2.000000    1.200000e+01        5.750000   -1.706250e+01        3.875000    9.843750e-01         4
        3.875000    9.843750e-01        5.750000   -1.706250e+01        4.812500   -7.160156e+00         5
        3.875000    9.843750e-01        4.812500   -7.160156e+00        4.343750   -2.868164e+00         6
        3.875000    9.843750e-01        4.343750   -2.868164e+00        4.109375   -8.869629e-01         7
        3.875000    9.843750e-01        4.109375   -8.869629e-01        3.992188    6.243896e-02         8
        3.992188    6.243896e-02        4.109375   -8.869629e-01        4.050781   -4.088287e-01         9
        3.992188    6.243896e-02        4.050781   -4.088287e-01        4.021484   -1.723366e-01        10
        3.992188    6.243896e-02        4.021484   -1.723366e-01        4.006836   -5.473423e-02        11
        3.992188    6.243896e-02        4.006836   -5.473423e-02        3.999512    3.906012e-03        12
        3.999512    3.906012e-03        4.006836   -5.473423e-02        4.003174   -2.540070e-02        13
        3.999512    3.906012e-03        4.003174   -2.540070e-02        4.001343   -1.074399e-02        14
        3.999512    3.906012e-03        4.001343   -1.074399e-02        4.000427   -3.418151e-03        15
        3.999512    3.906012e-03        4.000427   -3.418151e-03        3.999969    2.441397e-04        16
        3.999969    2.441397e-04        4.000427   -3.418151e-03        4.000198   -1.586953e-03        17
        3.999969    2.441397e-04        4.000198   -1.586953e-03        4.000084   -6.713938e-04        18
        3.999969    2.441397e-04        4.000084   -6.713938e-04        4.000027   -2.136238e-04        19
        3.999969    2.441397e-04        4.000027   -2.136238e-04        3.999998    1.525879e-05        20
        3.999998    1.525879e-05        4.000027   -2.136238e-04        4.000012   -9.918228e-05        21
        3.999998    1.525879e-05        4.000012   -9.918228e-05        4.000005   -4.196170e-05        22
        3.999998    1.525879e-05        4.000005   -4.196170e-05        4.000002   -1.335144e-05        23
        3.999998    1.525879e-05        4.000002   -1.335144e-05        4.000000    9.536743e-07        24
        4.000000    9.536743e-07        4.000002   -1.335144e-05        4.000001   -6.198884e-06        25
        4.000000    9.536743e-07        4.000001   -6.198884e-06        4.000000   -2.622604e-06        26




  Interval Start      P(x) Start    Interval End        P(x) End        Midpoint     P(Midpoint)Iteration#
        4.000000    0.000000e+00       34.000000   -1.140000e+03       19.000000   -3.450000e+02         1




  Interval Start      P(x) Start    Interval End        P(x) End        Midpoint     P(Midpoint)Iteration#
        6.000000   -2.000000e+01       36.000000   -1.280000e+03       21.000000   -4.250000e+02         1
ERROR: no roots in the interval




  Interval Start      P(x) Start    Interval End        P(x) End        Midpoint     P(Midpoint)Iteration#
        8.000000   -4.800000e+01       38.000000   -1.428000e+03       23.000000   -5.130000e+02         1
ERROR: no roots in the interval




  Interval Start      P(x) Start    Interval End        P(x) End        Midpoint     P(Midpoint)Iteration#
       10.000000   -8.400000e+01       40.000000   -1.584000e+03       25.000000   -6.090000e+02         1
ERROR: no roots in the interval




  Interval Start      P(x) Start    Interval End        P(x) End        Midpoint     P(Midpoint)Iteration#
       12.000000   -1.280000e+02       42.000000   -1.748000e+03       27.000000   -7.130000e+02         1
ERROR: no roots in the interval




